332.810300 19.016000
342.868000 18.851000
365.791240 18.981000
372.709310 18.829000
376.710680 18.877000
379.829860 19.145000
383.767030 19.134000
389.777690 18.824000
392.849060 18.851000
396.704230 19.157000
399.785500 19.046000
402.732770 18.878000
403.649760 18.918000
404.757450 19.113000
406.782730 18.877000
410.795990 18.855000
414.738350 18.799000
416.688130 19.043000
419.782500 18.917000
425.762640 19.151000
429.666190 19.090000
435.737230 18.824000
437.833410 19.116000
443.855440 18.792000
446.810510 18.936000
449.713080 18.961000
483.560900 19.021000
491.622560 19.016000
495.610540 19.011000
498.640630 18.851000
503.626410 18.969000
508.619300 19.061000
512.639100 19.033000
535.602820 18.812000
563.518470 19.073000
686.854080 19.100000
705.913000 18.898000
706.868300 19.014000
733.865130 18.803000
743.816170 18.927000
750.801020 18.778000
751.738510 18.825000
756.730470 18.990000
761.691330 19.027000
763.766910 18.778000
774.750210 19.136000
777.687580 18.947000
778.798470 19.155000
782.640030 19.040000
784.811700 18.833000
790.592840 18.973000
798.705350 18.977000
806.789970 18.993000
815.817380 19.089000
824.608690 18.999000
830.735640 18.844000
840.657660 19.009000
850.596290 19.135000
860.614140 18.833000
872.695710 18.849000
881.561300 18.825000
896.564410 19.126000
924.518240 19.063000
937.518940 19.022000
948.463240 18.850000
1039.803330 19.052000
1071.750900 18.825000
1124.719450 19.026000
1125.606140 18.990000
1126.731230 18.980000
1147.633830 18.900000
1155.645340 18.880000
1167.650410 18.823000
1182.653560 19.159000
1183.613850 18.907000
1184.587140 18.808000
1185.601130 18.975000
1197.581320 18.878000
1198.591710 19.026000
1209.588930 18.824000
1218.592280 18.920000
1229.586130 18.896000
1238.567800 18.767000
1244.557500 19.006000
1347.917070 19.148000
1391.897350 18.933000
1397.826890 19.053000
1438.795000 19.020000
1442.755200 18.955000
1453.810370 18.785000
1459.685450 18.945000
1461.661840 19.135000
1463.656330 18.945000
1468.583400 19.056000
1472.617380 18.923000
1480.602930 18.920000
1482.581710 19.183000
1484.591590 18.886000
1491.586740 18.865000
1493.604020 19.075000
1497.577680 19.029000
1500.572750 18.844000
1504.579410 18.858000
1509.558160 18.922000
1524.596700 18.898000
1526.591580 18.937000
1528.589660 19.057000
1530.617040 19.035000
1532.577320 19.196000
1534.608700 18.908000
1539.657940 19.090000
1546.747370 18.973000
1548.627550 19.110000
1550.625230 18.839000
1552.611710 19.125000
1555.576090 18.935000
1557.642470 19.124000
1560.699440 19.185000
1563.604620 18.893000
1565.590900 19.145000
1567.586680 18.836000
1569.580370 19.112000
1571.580150 18.864000
1574.573530 18.910000
1577.606910 19.080000
1579.608700 18.846000
1581.595190 19.065000
1583.583380 18.756000
1585.586270 19.053000
1587.586660 18.752000
1589.606450 18.996000
1591.595840 18.649000
1593.584830 19.080000
1597.580720 18.957000
1602.554310 19.077000
1606.564300 19.065000
1609.539300 18.912000
1613.540900 18.895000
1616.533400 18.906000
1619.530500 19.108000
1623.515000 19.016000
1626.544810 18.955000
1629.518120 18.786000
1629.591020 18.841000
1634.503630 18.894000
1640.495260 19.075000
1644.492980 19.061000
1653.498230 19.337000
1656.496550 19.057000
1659.471670 18.901000
1714.914390 18.788000
1731.899850 18.821000
1732.891260 18.937000
1750.908810 19.018000
1756.848550 18.787000
1763.882500 19.174000
1768.794120 19.211000
1772.799940 19.199000
1775.761650 18.909000
1783.759080 18.940000
1792.763100 19.095000
1795.738700 18.854000
1804.724900 18.992000
1809.742300 19.079000
1811.720490 18.782000
1813.716590 19.057000
1815.703480 18.788000
1817.691880 19.032000
1819.691970 18.869000
1821.711960 19.049000
1823.699550 18.869000
1825.664550 18.907000
1827.691340 18.839000
1830.672820 18.959000
1831.642520 19.108000
1833.676610 18.991000
1834.654700 19.007000
1836.649990 18.744000
1838.676080 19.015000
1842.791150 19.052000
1844.666230 18.848000
1848.612100 19.086000
1851.800080 19.205000
1858.822620 19.019000
1860.552300 19.169000
1862.556080 18.839000
1865.568250 18.929000
1867.570240 18.943000
1881.582890 19.059000
1894.587050 18.965000
1897.723820 19.160000
1899.727900 18.883000
1902.729970 18.811000
1907.589620 18.754000
1909.701990 19.086000
1911.684070 18.770000
1913.624260 19.089000
1915.741530 18.887000
1918.607510 19.130000
1920.665190 18.842000
1922.648770 19.072000
1923.582960 19.026000
1925.637340 19.006000
1927.639430 18.951000
1931.569490 19.124000
1933.699680 18.968000
1935.625860 19.120000
1937.631950 18.936000
1938.618740 19.035000
1939.732430 18.923000
1940.731530 18.791000
1941.740320 18.978000
1943.663210 19.092000
1945.621200 18.821000
1946.640290 18.979000
1947.643380 18.967000
1948.638580 18.812000
1951.592660 19.063000
1953.610650 18.809000
1956.597840 19.173000
1958.605230 18.896000
1960.608430 19.175000
1962.664920 18.950000
1964.547710 19.145000
1966.547510 18.854000
1969.558800 18.944000
1974.554600 18.806000
1977.561000 19.043000
1980.530400 18.998000
1982.531100 18.811000
1987.518900 18.857000
1993.500310 19.043000
2000.491040 18.996000
2003.501550 18.721000
2008.492570 18.824000
2011.491790 18.962000
2026.487290 19.071000
2030.476820 18.949000
2033.475140 18.884000
2048.462780 19.199000
2054.451330 18.889000
2081.892010 18.903000
2094.876930 18.998000
2104.850220 19.137000
2130.794770 19.054000
2133.779790 19.082000
2140.807750 18.945000
2143.763470 18.813000
2155.749500 19.155000
2162.689700 19.053000
2167.711100 19.130000
2169.699600 18.846000
2172.697700 18.983000
2174.684700 18.946000
2177.669890 18.798000
2184.647570 18.974000
2186.656460 18.845000
2187.654760 18.990000
2188.649660 19.062000
2190.639450 18.814000
2191.622040 18.980000
2192.649840 19.086000
2193.637030 19.060000
2195.620420 18.976000
2198.611610 18.782000
2199.785500 18.992000
2201.580890 19.187000
2203.587280 18.876000
2206.588160 18.896000
2207.748150 18.945000
2208.746040 19.052000
2210.753630 18.735000
2213.569810 19.004000
2213.757200 19.289000
2215.777290 19.022000
2219.555660 18.841000
2224.563010 18.875000
2225.583400 18.985000
2226.795790 18.794000
2228.588880 18.943000
2229.771360 19.094000
2230.778550 18.898000
2232.572740 18.880000
2236.764100 18.997000
2238.557080 19.022000
2239.772870 18.783000
2243.572530 19.169000
2243.789220 18.820000
2245.594900 19.013000
2248.764570 18.860000
2250.758050 19.088000
2254.567610 19.015000
2255.568000 19.214000
2257.572680 18.898000
2258.740760 19.133000
2260.575240 18.886000
2262.847020 19.104000
2263.587910 19.140000
2265.601890 18.821000
2270.695640 18.999000
2297.637590 19.009000
2298.631280 18.800000
2302.609850 18.749000
2304.639540 19.053000
2306.636620 18.771000
2309.630200 19.145000
2322.574540 19.168000
2323.573430 18.779000
2325.567030 19.021000
2327.571120 18.778000
2329.566820 18.944000
2338.593700 19.065000
2343.536600 19.120000
2345.514100 18.910000
2347.518200 19.139000
2350.517400 18.958000
2355.527210 19.137000
2365.539440 18.781000
2382.564720 18.826000
2392.480290 19.195000
2404.499260 18.959000
2462.886390 19.095000
2466.851830 19.041000
2471.870480 18.804000
2495.785970 19.118000
2515.760760 19.122000
2516.739560 19.120000
2517.736760 18.901000
2519.737470 18.999000
2526.757970 18.758000
2545.668850 19.084000
2547.665740 18.763000
2548.658540 18.999000
2551.646630 18.897000
2553.658520 19.037000
2555.679710 18.817000
2557.658900 18.912000
2559.651190 18.834000
2561.608080 18.797000
2563.753860 18.717000
2565.777450 19.170000
2573.594290 18.954000
2574.577690 18.954000
2576.575370 18.868000
2578.579150 18.964000
2579.576140 19.147000
2581.727720 18.984000
2582.568220 19.000000
2595.758480 19.265000
2598.595450 18.709000
2598.731650 19.094000
2605.594170 18.917000
2605.744670 18.782000
2609.635730 18.887000
2609.743520 18.847000
2612.662490 19.176000
2615.597350 18.989000
2615.714650 19.030000
2619.696610 18.971000
2619.849300 19.070000
2621.623080 19.143000
2621.790780 18.828000
2628.611600 19.158000
2631.614460 18.840000
2631.728060 18.991000
2634.612230 18.851000
2636.858500 19.079000
2637.619990 19.082000
2637.833290 18.903000
2640.610660 18.984000
2640.751260 18.971000
2643.760030 18.911000
2646.703690 18.876000
2649.618560 19.079000
2649.729860 19.090000
2652.699030 19.011000
2656.587090 18.786000
2659.672060 18.840000
2659.734960 18.761000
2662.592740 19.024000
2671.607170 19.105000
2674.608640 19.016000
2681.603000 18.891000
2684.646390 18.753000
2692.590250 19.072000
2695.638440 19.067000
2695.701640 19.126000
2698.553140 18.902000
